5 0.6921719265307743 0.5380480962774543 0.1323214330958166 0.03502293516586875
5 0.4854458868081582 0.5373897249733375 0.08464578937343262 0.03453709963876655
3 0.029085465222577225 0.16636216102170975 0.054277059806470546 0.02370376485812244
3 0.20424346597655815 0.4996781389076469 0.05766697784083569 0.02515872163642726
3 0.7019770093140995 0.1687500465122386 0.06255450050648051 0.02439849687121555
3 0.18766408043083938 0.1689226409275684 0.06098976410226651 0.023805086958298426
5 0.9086695876983302 0.5410252550435771 0.11524048991141968 0.03595793405471667
3 0.9166062301458107 0.17223713492723036 0.06072179565392787 0.02237959945838032
3 0.8004879684272916 0.5387048767775491 0.07415125319361096 0.03248819450633014
3 0.28194454355515236 0.5404153406614186 0.07878898684825276 0.030618060403669815
3 0.4449764823741718 0.16888324938342555 0.06373049380554285 0.024665509445138234
3 0.37032192775912876 0.45417539415123204 0.05767995074282389 0.025870836437964683
3 0.6076853016837195 0.16984363267267874 0.06286321783701361 0.02675880653141778
5 0.11783127292853689 0.5380059829285119 0.0704807801912107 0.0286840714330976
3 0.27584361663674367 0.16992990546386735 0.05441815790867938 0.024641447410501484
3 0.10352327310575334 0.16845121769380922 0.05597699061380709 0.02369794316326569
3 0.812007446915 0.16881990106411549 0.05894022163906243 0.023909496585171296
3 0.5307057405357866 0.169894363076754 0.06270452889647686 0.025936177077241353
3 0.5792799612653858 0.5392219906773118 0.060542439213817974 0.026782216749600563
3 0.36045894014392516 0.16884433666925214 0.0570320652633837 0.02502656018687894
3 0.3649728994037716 0.5376867057125888 0.05828886076479961 0.02471303863031885
3 0.6402105348953409 0.4144113751369347 0.05470541063113764 0.024503007447822113
3 0.3273883020953491 0.215313213301028 0.0480606373938339 0.025823872514002418
3 0.19754034297922543 0.5390714532929285 0.06211191020542621 0.026175309155023002
